01/14/25 11:40:00 - Found devices: 1
01/14/25 11:40:02 - Opening HURTM
01/14/25 11:40:02 - Number of relays on device with ID=HURTM: 2
01/14/25 11:40:02 - Opening relay channel 2 on device
01/14/25 11:40:02 - Relay channel 2 opened successfully
01/14/25 11:40:03 - Opening HURTM
01/14/25 11:40:03 - Number of relays on device with ID=HURTM: 2
01/14/25 11:40:03 - Opening relay channel 1 on device
01/14/25 11:40:03 - Relay channel 1 opened successfully
01/14/25 11:40:03 - Opening HURTM
01/14/25 11:40:03 - Number of relays on device with ID=HURTM: 2
01/14/25 11:40:03 - Closing relay channel 2 on device
01/14/25 11:40:03 - Relay channel 2 closed successfully
01/14/25 11:40:04 - Opening HURTM
01/14/25 11:40:04 - Number of relays on device with ID=HURTM: 2
01/14/25 11:40:04 - Closing relay channel 1 on device
01/14/25 11:40:04 - Relay channel 1 closed successfully
01/14/25 11:40:05 - Opening HURTM
01/14/25 11:40:05 - Number of relays on device with ID=HURTM: 2
01/14/25 11:40:05 - Opening relay channel 2 on device
01/14/25 11:40:05 - Relay channel 2 opened successfully
01/14/25 11:40:05 - Opening HURTM
01/14/25 11:40:05 - Number of relays on device with ID=HURTM: 2
01/14/25 11:40:05 - Opening relay channel 1 on device
01/14/25 11:40:05 - Relay channel 1 opened successfully
01/14/25 11:40:06 - Opening HURTM
01/14/25 11:40:06 - Number of relays on device with ID=HURTM: 2
01/14/25 11:40:06 - Closing relay channel 2 on device
01/14/25 11:40:06 - Relay channel 2 closed successfully
01/14/25 11:40:06 - Opening HURTM
01/14/25 11:40:06 - Number of relays on device with ID=HURTM: 2
01/14/25 11:40:06 - Closing relay channel 1 on device
01/14/25 11:40:06 - Relay channel 1 closed successfully
01/14/25 11:40:10 - Closing all relay channels on device
01/14/25 11:40:10 - All relay channels closed successfully on device
